이닝	상대타자수	투구수	타수	피안타	피홈런	4사구	삼진	실점	자책	평균자책점	득점	팀안타	팀에러	팀볼	홈/어웨이	승/무/패
2.3	15	62	10	3	0	4	0	3	3	11.57	0	6	1	5	1	-1
4	19	71	18	7	1	1	4	5	5	11.25	4	4	0	5	1	-1
2.3	17	64	12	6	0	4	2	5	4	15.43	0	3	1	3	-1	-1
5	20	73	18	4	1	2	2	1	1	1.8	5	11	1	3	-1	1
6	25	105	22	5	1	3	6	3	2	2.08	5	10	1	6	-1	1
2	12	58	10	4	2	2	3	4	4	13.5	2	4	1	4	-1	-1
2.3	17	56	15	8	1	2	2	6	6	17.36	5	12	1	5	-1	-1
5	26	109	19	4	0	6	9	1	0	0.75	4	7	1	2	1	1
6.7	24	83	22	3	0	2	6	0	0	0.77	5	10	1	4	1	1
6	23	100	18	3	0	5	6	1	1	1.89	3	7	0	3	1	1
2.7	19	89	13	5	1	6	2	4	4	9	6	10	0	2	1	-1
3	21	88	14	6	2	6	2	8	8	17	2	11	0	3	1	-1
5	21	97	16	2	0	5	6	0	0	0.53	4	11	0	3	1	1
5	26	92	22	9	0	2	6	3	3	2.16	8	14	0	3	-1	1
6.3	25	99	23	5	0	2	7	2	2	2.13	8	16	0	4	-1	1
5	21	91	16	4	0	4	3	0	0	6.14	5	9	2	3	-1	1
4.7	21	95	17	4	0	4	6	4	4	5.93	4	8	4	7	-1	0
2.3	13	47	11	4	1	2	1	5	5	2.79	14	17	0	9	-1	1
6.7	29	93	28	8	1	0	3	3	2	2.31	6	10	1	3	-1	1
6	28	105	26	6	0	1	6	1	0	1.72	2	5	3	2	1	1
7	23	97	22	2	1	1	4	1	1	4.57	11	13	0	1	1	1
6.7	26	103	24	4	0	2	7	0	0	7.89	3	7	0	0	1	1
0.7	7	32	3	1	0	4	0	3	3	4.05	3	8	1	1	-1	-1
6	25	80	23	5	1	2	3	5	5	3.38	8	9	0	11	-1	1
6	22	77	21	4	0	1	5	1	1	1.69	12	16	0	1	-1	1
6	24	94	19	5	0	3	0	1	1	3.9	2	6	0	0	-1	1
2	12	37	10	6	0	1	2	4	4	8.75	0	5	1	3	-1	-1
4	20	85	17	5	0	2	7	3	1	6.17	3	6	2	5	-1	-1
8	32	97	30	8	1	1	2	2	2	3.13	7	11	1	2	1	1
3	16	82	13	5	1	2	2	6	0	7.76	1	8	4	4	-1	1
4.3	20	91	19	6	0	1	1	3	2	3.94	13	14	1	7	1	1
5	18	78	18	3	0	0	4	0	0	1.49	3	8	0	0	1	1
7	29	97	26	7	1	1	3	2	2	3.05	1	7	2	2	1	-1
5	21	87	17	2	0	3	3	1	0	4.32	8	10	2	3	-1	1
6.7	28	93	26	5	1	2	6	2	2	3.25	2	6	1	2	-1	-1
5	25	86	24	7	0	1	7	8	4	12.1	5	11	5	1	-1	-1
4.3	18	79	17	6	0	1	6	0	0	6.4	2	10	0	2	-1	1
7	30	92	27	7	0	1	2	1	1	2.81	2	7	1	4	-1	1
1.3	11	49	9	5	1	2	0	6	6	7	4	8	2	7	-1	-1
1.3	10	28	8	4	1	2	2	6	6	5.6	1	7	0	2	1	-1
6	22	95	20	3	0	2	6	0	0	7.47	1	6	0	5	1	1
4	19	74	17	6	1	2	7	3	3	6.44	4	9	0	4	1	-1
6	22	88	20	3	0	2	3	1	0	2.51	15	17	1	7	-1	1
5	22	87	19	4	1	3	3	3	3	5.58	5	14	0	3	-1	1
2	11	46	8	2	0	3	2	3	3	6.32	13	15	0	3	-1	1
6.7	32	99	30	11	0	1	6	2	2	6.04	5	11	0	8	1	1
5	20	89	17	4	0	2	6	0	0	5.66	1	10	0	2	1	-1
6	28	107	25	7	1	3	5	4	4	2.84	1	8	1	3	1	-1
3	15	65	14	7	2	0	1	3	3	5.82	7	10	1	5	1	-1
3.7	20	71	17	8	3	3	0	5	5	9	2	10	0	2	1	-1
2	12	45	10	5	0	1	2	5	3	6.66	8	10	2	6	1	1
5.7	21	95	17	3	1	4	6	1	1	5.17	4	9	0	6	-1	1
7	28	113	26	6	0	2	4	2	2	2.82	4	11	1	3	-1	1
4.3	20	81	17	6	1	2	5	4	4	6.91	6	9	0	8	-1	1
3	16	78	12	2	0	4	2	2	1	0.46	4	8	2	3	1	-1
5	23	72	22	7	1	1	1	4	3	5.77	12	16	1	6	1	1
7	26	99	25	4	0	1	5	0	0	4.5	16	20	0	1	1	1
5	20	88	19	5	1	1	4	3	3	2.99	6	12	0	6	1	1
7	29	108	24	4	0	4	5	1	1	5.8	4	6	0	7	1	1
6.3	24	82	23	6	0	1	4	0	0	0.35	5	7	1	5	1	-1
0.3	7	23	4	3	0	3	0	5	5	6.66	14	17	1	9	-1	1
4	20	87	20	8	2	0	6	3	3	4.66	4	15	0	3	-1	-1
6	27	83	24	7	0	1	1	5	4	3.21	9	15	1	6	-1	1
6	26	99	21	3	1	5	5	2	2	5.4	11	15	1	6	-1	1
1.3	11	48	8	6	2	3	0	6	6	2.3	4	9	0	3	-1	-1
5	24	89	24	8	1	0	2	6	3	5.03	11	17	2	3	-1	-1
2	12	45	8	3	0	3	0	3	3	3.07	1	7	0	1	-1	-1
9	36	120	35	8	0	1	1	1	1	2.99	2	5	1	9	-1	1
2.3	17	63	14	7	2	3	2	9	9	6.95	6	10	0	4	-1	-1
5	21	92	19	6	0	2	6	0	0	4.29	4	11	1	4	1	1
7	26	94	23	5	0	2	4	1	1	4.47	6	7	0	9	1	1
1.7	10	46	6	2	1	4	1	2	2	5.75	9	10	1	10	1	1
7	26	102	26	6	0	0	4	2	2	2.96	7	11	0	4	1	1
1.7	10	42	9	4	0	1	0	3	3	7.29	9	11	1	7	1	1
6	26	98	24	7	2	1	5	5	5	4.82	0	6	1	2	-1	-1
3	14	54	12	4	0	2	1	2	2	7.43	5	13	0	5	-1	-1
7	32	106	28	7	0	3	4	2	2	2.93	1	5	3	6	-1	-1
2	13	56	11	5	0	2	2	5	5	4.85	5	12	2	4	1	-1
5	25	103	23	8	3	2	6	4	4	5.02	1	8	0	7	1	-1
3	13	43	12	4	1	1	3	2	2	4.71	9	15	1	7	1	1
3	17	65	16	7	2	1	5	7	7	5.56	4	12	0	4	-1	-1
4.7	19	83	18	3	1	1	3	2	1	1.53	6	11	1	10	-1	-1
3.7	20	96	17	6	0	3	4	5	5	5.46	1	6	0	1	-1	-1
5	20	83	18	5	0	2	3	3	3	6.24	7	14	2	4	-1	1
5	23	96	21	7	0	2	5	3	3	1.9	13	19	2	7	-1	1
6	24	115	21	4	0	3	4	2	2	5.24	7	12	0	4	-1	1
5.3	28	103	26	13	2	1	1	5	5	3.2	10	13	0	10	1	1
5	19	79	18	4	0	1	6	0	0	5.18	8	13	1	7	1	1
5.3	23	97	20	5	1	3	6	1	1	5.86	8	11	0	4	1	1
6	23	93	21	6	0	1	4	3	2	2.02	1	6	1	2	-1	-1
5	22	102	20	7	3	2	4	5	5	5.5	1	6	0	4	-1	-1
6.7	23	92	21	2	0	2	7	0	0	3.02	7	13	0	4	-1	1
3.3	17	79	12	4	0	5	4	3	3	5.31	5	7	2	5	-1	1
6.7	28	94	24	6	0	1	2	3	1	5.43	3	8	1	5	-1	-1
6	26	101	23	7	1	1	3	3	3	2.25	8	13	1	1	-1	1
6.7	23	92	21	2	0	2	7	0	0	3.02	7	13	0	4	-1	1
6.7	29	111	28	9	1	0	3	5	5	5.07	8	13	1	1	-1	1
8	29	107	26	8	1	1	3	4	4	5.4	7	14	0	11	1	1
7	27	95	24	7	2	1	3	4	4	3.14	2	8	0	2	1	-1
5	24	104	16	1	0	8	4	2	2	5.2	10	16	0	6	1	1
4.7	22	101	20	6	1	2	6	4	2	5.33	3	7	1	1	1	-1
5	23	98	19	7	0	2	3	3	3	2.48	3	7	0	5	1	-1
6.7	25	101	25	6	0	0	2	0	0	4.98	4	9	0	4	1	1
5	21	78	19	5	0	1	6	2	2	4.19	0	5	0	1	-1	-1
4.3	22	77	20	7	2	2	4	5	5	5.46	10	14	0	8	1	1
8	28	111	27	5	2	1	9	2	2	5.03	3	5	0	4	1	1
6	24	110	21	3	1	3	9	2	2	2.52	3	14	0	5	1	-1
6	27	106	23	6	0	4	3	3	3	3.2	0	7	0	2	-1	-1
8.3	31	112	29	5	0	2	6	2	0	4.55	1	5	1	3	-1	-1
5	24	94	20	7	1	2	0	3	3	5.46	2	6	0	1	-1	-1
5	25	97	20	5	1	5	5	2	2	4.95	3	6	0	5	-1	-1
4	17	59	16	3	0	0	1	1	0	2.39	3	5	2	2	1	1
5	25	90	22	10	1	1	3	5	5	3.42	9	12	3	8	1	-1
7	27	113	25	6	0	2	6	4	3	4.5	3	8	1	5	-1	-1
2.3	11	45	11	4	2	0	2	3	3	4.31	4	10	0	1	-1	1
6.3	25	100	23	5	0	1	7	3	2	4.8	4	9	2	2	-1	1
4.3	22	80	20	8	0	2	2	5	5	2.81	3	5	1	4	-1	-1
6.3	24	97	21	1	0	3	9	0	0	3.26	7	9	2	2	1	1
2.3	15	73	12	6	0	3	1	4	4	4.74	7	11	0	4	1	1
5.3	29	99	26	12	1	2	4	7	7	5.81	7	14	0	6	1	-1
6	27	91	24	9	3	2	4	4	4	4.88	5	7	1	2	1	1
6	24	97	22	7	0	2	2	2	2	2.82	13	24	0	3	-1	1
3	18	89	15	6	1	3	4	6	6	3.57	5	12	0	2	-1	-1
2.3	18	74	14	8	0	3	1	6	6	5.15	5	9	0	0	-1	-1
5.7	25	85	23	7	1	2	5	4	4	6.35	5	9	1	5	1	1
5	25	93	22	7	0	3	2	3	3	5.4	3	7	0	3	1	-1
2.3	15	62	10	4	0	5	0	6	6	23.14	2	5	0	6	-1	-1
5.7	23	94	21	4	1	2	5	2	2	3.18	0	2	3	1	-1	-1
6	27	102	24	7	0	3	6	1	1	3.86	8	15	0	2	-1	1
7	28	103	23	4	1	5	6	2	2	3.75	5	9	0	7	1	1
8	29	96	26	7	0	2	7	1	1	1.13	10	13	0	4	1	-1
3.3	16	62	10	3	0	3	3	1	1	11.12	1	2	0	4	1	-1
2	17	66	15	8	2	2	3	9	6	9.39	5	10	2	1	-1	-1
7.3	28	89	25	5	0	2	4	2	2	3.32	7	10	0	5	-1	1
6	25	91	24	7	0	1	3	3	3	4	5	8	2	5	-1	-1
5.3	21	99	20	4	0	1	7	0	0	0.68	3	9	1	4	1	1
5	22	96	19	5	1	3	4	1	1	6.39	5	13	1	4	1	-1
6.7	24	94	20	1	0	2	7	1	1	2.81	8	12	1	6	-1	1
7	30	108	27	5	1	3	3	5	5	4.68	3	11	1	2	-1	-1
5	25	81	22	7	3	3	3	5	5	2.95	8	14	0	6	-1	1
5.7	22	78	21	5	1	1	1	2	2	7.15	6	8	0	10	-1	1
3	20	76	18	8	0	2	3	6	4	7.47	2	6	3	1	-1	-1
7	30	105	28	9	1	0	6	3	3	3.03	2	5	0	2	-1	-1
6.3	25	101	24	6	0	1	5	3	3	4.6	4	11	0	3	1	1
6	23	97	22	4	0	1	6	1	1	2.59	2	8	1	2	1	-1
6	24	98	20	4	1	4	3	2	2	5.71	6	9	0	9	-1	1
6	24	109	22	4	0	2	10	1	1	2.79	8	11	1	4	-1	1
6.7	27	111	23	3	0	3	4	2	1	5.64	5	10	1	1	-1	1
6	26	105	22	5	0	3	3	3	3	4.58	8	13	0	4	-1	1
6.7	28	107	23	5	0	5	6	1	1	2.32	15	16	0	9	-1	1
7	25	91	22	4	0	2	3	2	2	2.76	13	15	2	2	1	1
6	22	91	19	2	0	3	4	0	0	4.24	4	8	0	3	1	1
5.3	24	81	23	7	0	1	1	4	4	5.86	11	12	2	11	1	1
5	30	112	26	12	0	3	4	6	5	5.1	5	9	1	9	-1	-1
6	26	103	23	5	0	3	8	1	1	2.61	12	12	0	11	-1	1
5	25	98	24	9	1	1	5	4	4	3	4	9	0	1	1	-1
4	19	67	18	6	3	1	2	3	3	4.61	3	10	0	5	1	-1
7	26	102	23	3	0	3	4	2	2	5.19	2	7	1	7	1	0
5.7	26	90	24	8	1	2	6	5	5	5.44	3	9	1	2	-1	-1
4	26	82	23	12	1	3	2	9	8	4.5	6	14	2	5	-1	-1
5.3	21	76	20	7	0	1	4	1	1	2.31	6	11	0	1	-1	1
1.3	10	49	8	5	0	2	2	5	5	9	2	8	0	4	1	-1
5	23	92	19	6	0	3	2	2	2	4.99	10	13	0	7	1	1
5	23	99	19	4	2	4	5	4	4	5.6	9	14	0	2	1	1
8.3	29	117	24	1	0	4	12	0	0	3.72	5	8	0	5	1	1
4.3	22	77	17	9	1	3	3	3	3	3.38	6	10	0	7	1	-1
5.3	26	93	22	7	2	4	5	6	6	5.6	13	18	1	9	-1	1
5	24	83	23	8	0	0	6	4	4	5.74	13	16	1	14	-1	1
5	24	84	21	7	1	3	2	5	5	5.29	9	14	1	6	-1	1
5.7	25	110	23	6	1	2	9	4	3	3.83	5	8	1	8	1	-1
5.3	23	80	19	6	0	4	1	0	0	2.53	5	6	0	4	1	1
7	29	119	24	3	0	5	7	2	1	5.02	4	8	1	2	1	1
6.7	25	99	23	6	0	2	4	3	3	5.57	5	4	0	6	-1	1
5	22	90	21	6	1	1	4	4	4	4.12	14	17	0	8	1	1
7	24	93	23	2	0	1	7	0	0	1.91	5	7	0	5	1	1
5	21	91	20	5	0	1	6	1	1	4.74	7	8	0	4	1	1
6	25	112	22	7	0	2	9	3	2	5.35	16	15	1	7	1	1
4.3	21	94	16	6	1	5	4	1	1	4.91	6	13	0	7	-1	1
5	22	70	19	6	1	2	0	4	4	4.36	7	12	1	3	-1	1
2	11	46	8	4	0	2	0	4	4	2.97	11	16	0	5	-1	1
6	30	108	26	9	0	4	4	4	4	4.86	10	14	0	6	-1	1
7.7	30	107	27	5	0	3	6	0	0	4.83	3	7	0	5	-1	1
5.3	22	96	19	4	0	2	3	1	1	4.5	11	16	1	3	-1	1
5	24	96	21	5	1	3	3	3	2	4.3	7	16	2	2	-1	1
0	4	15	1	1	0	3	0	3	3	3.86	15	22	0	7	-1	1
4.7	22	82	20	6	2	1	2	5	5	5.19	2	4	0	4	1	-1
6	24	91	23	7	0	1	5	2	2	4.7	3	7	0	7	1	0
5	24	99	16	3	0	7	5	1	1	4.21	2	7	1	3	1	-1
5.3	24	106	19	4	0	5	7	4	3	4.36	0	4	2	2	1	-1
4.3	22	90	17	6	1	4	3	4	4	4.41	4	13	1	5	1	-1
4.7	25	94	21	9	0	3	2	6	6	5.6	3	10	0	7	-1	-1
5	22	91	20	6	1	1	6	4	3	4.74	10	12	1	11	-1	1
2.7	14	71	11	3	0	3	3	2	2	6.75	0	0	0	4	-1	-1
6	25	89	24	7	0	1	4	0	0	4.44	12	12	2	4	1	1
5	24	92	22	7	2	2	5	4	4	5.7	8	8	0	4	1	1
3.3	17	72	15	6	1	1	0	4	4	4.64	11	11	1	3	-1	1
5.7	22	94	20	4	0	2	5	2	2	4.24	4	10	0	4	-1	-1
1.3	12	53	10	6	0	2	0	5	5	33.75	7	10	0	7	-1	-1
4	24	84	19	9	2	5	3	6	6	4.8	5	9	0	6	1	-1
5	21	75	19	5	1	2	5	2	2	5.57	6	7	0	5	1	1
4	17	55	17	5	3	0	2	3	3	2.91	4	5	1	4	1	1
2	12	57	11	5	0	1	5	3	3	4.86	4	9	0	1	1	-1
5	22	86	18	4	0	4	5	2	2	2.97	4	9	1	1	1	1
5	23	79	18	6	1	4	2	3	3	5.56	7	10	0	7	1	1
3	17	68	12	5	2	5	3	7	7	5.4	4	8	0	3	-1	-1
7	25	84	23	3	0	2	3	0	0	4.49	5	11	0	9	-1	1
4.3	21	79	18	4	0	2	6	1	1	4.71	8	10	2	8	-1	1
4.7	24	90	22	9	1	2	5	4	4	3.31	5	8	1	5	-1	1
1	7	22	7	4	1	0	0	4	4	5.91	6	10	1	2	-1	-1
1	8	36	5	4	0	2	1	3	3	5.89	9	11	1	9	-1	1
7	25	91	23	5	0	1	5	0	0	4.21	1	5	0	8	1	-1
5	26	88	23	10	1	2	4	8	5	6.08	5	13	4	1	1	-1
3	21	83	18	8	0	3	3	7	7	4.08	10	8	1	10	1	1
5	23	107	18	3	0	5	5	1	1	4.11	9	12	0	3	1	1
0.3	7	30	6	5	1	1	0	6	6	6.63	4	9	1	5	-1	-1
5.7	21	73	19	3	0	1	4	1	1	4.48	11	16	0	3	-1	1
5	24	91	24	5	1	0	6	5	2	4.05	3	10	6	5	-1	-1
6	24	98	21	3	0	3	6	0	0	3.91	13	12	0	8	1	1
4.3	22	82	17	6	0	4	2	1	1	6.43	7	10	1	3	1	1
5	22	81	21	7	1	0	3	4	2	4.41	2	11	2	3	-1	-1
3	18	76	14	5	0	4	4	4	4	4.74	5	9	3	4	1	-1
5	22	89	15	3	0	7	4	1	1	3.55	9	13	0	3	1	1
1.7	13	64	9	5	0	4	0	4	4	6.46	4	12	1	6	-1	-1
8	29	95	28	7	0	1	3	0	0	3.44	7	14	0	5	-1	1
5.7	29	98	22	8	1	4	0	8	8	4.4	3	8	1	4	-1	-1
5	25	94	24	8	1	1	2	4	4	4.91	9	15	1	8	-1	1
5.7	22	97	20	4	0	2	8	0	0	3.03	12	12	2	6	1	1
5	23	97	18	4	1	5	8	1	1	4.56	3	6	1	4	1	1
8	29	92	28	5	1	1	7	1	1	3.25	13	15	0	3	-1	1
3	16	63	14	7	1	1	3	6	6	4.7	4	7	0	4	-1	-1
4.7	23	98	20	7	0	3	5	3	2	4.53	5	12	1	5	-1	1
6	20	88	20	2	0	0	4	0	0	3.06	11	18	0	3	-1	1
5	22	89	15	3	0	7	4	1	1	3.55	9	13	0	3	1	1
5	23	102	17	5	0	4	3	2	2	4.66	4	9	1	8	-1	1
2.7	12	53	11	3	1	1	2	3	3	3.4	7	14	1	6	1	-1
2	12	33	11	6	3	1	2	5	5	4.89	4	7	0	4	1	-1
5	26	94	23	10	0	2	4	5	5	3.33	7	12	0	8	1	1
6.7	25	104	22	2	0	3	5	0	0	4.83	1	9	0	3	1	1
5.7	23	100	21	6	1	2	4	4	4	3.75	4	11	1	6	-1	-1
5	25	82	22	8	2	3	1	5	5	5.09	8	11	1	4	-1	1
3.3	16	76	13	3	1	3	3	1	1	5.7	1	4	0	6	-1	-1
7	24	105	24	3	0	0	9	1	1	3.21	0	7	1	6	-1	-1
5.7	27	105	23	8	1	2	1	4	3	4.82	3	5	3	7	1	-1
6	24	105	21	4	1	3	7	2	2	3.67	8	14	0	3	1	1
5.7	24	85	21	4	1	3	4	1	1	5.25	3	8	2	6	1	-1
6	25	102	23	8	2	2	5	3	3	5.06	3	10	0	2	1	-1
7	31	100	27	8	0	3	4	2	2	3.17	4	9	0	3	-1	1
5.3	22	79	22	8	2	0	3	3	2	4.74	13	19	2	5	-1	1
3.3	18	70	16	7	2	1	2	6	6	4.4	2	7	0	2	-1	1
5.3	23	102	21	5	1	2	9	2	2	4.98	7	11	0	6	-1	1
4.3	24	93	18	7	2	5	3	7	7	3.56	11	16	1	6	1	1
5	23	86	20	5	1	3	4	1	1	4.6	3	6	1	6	1	1
5	21	99	18	3	0	3	8	0	0	4.04	1	3	0	3	1	1
4	20	79	16	5	0	4	3	2	2	4.95	3	8	0	5	1	-1
7.3	31	100	28	7	2	2	8	2	2	3.5	10	13	0	4	1	1
5	23	96	19	4	0	4	8	0	0	4.77	5	7	0	5	1	1
3.3	21	76	19	8	1	1	3	6	5	4.88	1	10	3	4	1	-1
5	26	94	23	10	0	2	4	5	5	3.33	7	12	0	8	1	1
5	25	82	22	8	2	3	1	5	5	5.09	8	11	1	4	-1	1
6	25	102	23	8	2	2	5	3	3	5.06	3	10	0	2	1	-1
5.3	23	102	21	5	1	2	9	2	2	4.98	7	11	0	6	-1	1
6.7	32	120	27	9	1	5	2	4	4	5.28	8	12	0	8	-1	1
5.3	28	89	23	9	0	3	2	6	6	4.38	11	17	1	5	-1	1
8.7	28	105	27	3	0	1	6	1	1	4.5	1	7	0	4	1	-1
7	26	93	26	5	1	0	3	2	2	3.45	8	13	1	4	1	1
7	26	98	25	4	0	1	10	2	1	4.58	4	6	1	4	1	1
2	10	28	9	4	0	1	2	2	2	4.56	2	12	1	2	1	-1
1	7	22	7	4	0	0	1	2	2	5	4	12	0	2	1	-1
